genome=0.3110396693335702,0.401314300278398,-0.520725909540059,-0.33385419665510435,-0.5821438431210004,-0.526639158748124,-0.8969571069076053,0.43421836982498363,0.28682436437649456,0.8982101359534045,-0.6131399898654489,0.4995998568245614,0.5944629156791332,-0.9391009427059491,0.7664536016968999,0.055799103597910515,0.034427669467625606,0.886534131699374

obtenu par FollowLightGenBis avec recovery
genome=-223.43586790360763,-100.72363834367837,-33.73385733403344,-354.2609601828565,138.0627126767049,191.39503378664674,152.46353425807607,74.21415752928144,44.002137464784994,166.12973638023735,-52.21848625168581,136.080748947436,20.71130253302291,-130.68800249589134,160.9087373256981,267.3024747109239,24.75542738184151,61.6259068430628
