gene = [-0.7252778504651375, 3.3988602875187706, -2.858522331638167, 2.581068783293382, -0.9527925483725599, 1.3626144655977566, 3.2927792904216706, 0.6994219050195698, 4.879105690329341, -0.5731680670879593, 0.24765021631662865, 0.7601074709352793, -9.570860910323812, -0.9258282365915207, 2.207304435950879, -2.3321498926260515, 0.9080647851871055, 0.6168012030714727]

fitness = 100

Param :

sleep = 0.3
arene = triangulaire  
